run,round 20 average point difference,round 21 average point difference,round 22 average point difference,round 23 average point difference,round 24 average point difference,round 25 average point difference,round 26 average point difference,round 27 average point difference,round 28 average point difference,round 29 average point difference,round 30 average point difference,round 31 average point difference,round 32 average point difference,round 33 average point difference,round 34 average point difference,round 35 average point difference,round 36 average point difference,round 37 average point difference,round 38 average point difference
0,15,19,17,18,18,19,15,11,7,9,9,16,29,30,24,25,36,29,28
1,14,15,17,15,16,18,7,11,14,16,13,12,16,22,25,24,28,30,30
2,12,15,15,17,17,17,15,7,10,14,17,4,22,23,27,26,27,29,27
3,19,21,17,18,13,20,7,17,11,14,17,7,29,30,34,29,35,28,38
4,16,17,16,20,21,20,11,16,8,13,18,11,20,24,27,30,28,26,28
5,18,17,18,18,20,23,11,14,12,16,12,14,24,25,28,30,29,29,28
6,17,18,17,21,17,20,15,10,9,8,11,16,24,26,26,25,27,27,30
7,14,14,16,17,18,14,15,13,8,15,11,6,19,24,25,25,25,28,28
8,15,15,16,19,17,19,10,15,12,15,8,15,23,20,26,27,25,24,29
9,14,20,19,19,22,21,15,9,9,6,18,17,27,29,30,30,25,33,31
10,13,13,15,16,11,18,8,13,8,13,10,7,19,19,23,24,25,24,28
11,16,18,15,18,18,19,12,5,6,6,18,19,22,25,27,29,31,27,31
12,12,17,16,16,14,21,10,16,11,17,14,5,25,24,27,22,27,26,20
13,17,20,17,23,18,22,6,5,16,13,20,11,29,31,33,34,35,34,30
14,20,16,19,23,25,19,12,16,12,14,15,9,19,23,25,32,30,36,32
15,13,17,17,18,18,17,17,6,16,13,9,12,24,19,26,25,28,26,24
16,19,18,15,17,17,20,16,9,6,7,17,14,26,22,26,26,29,30,28
17,15,17,17,18,16,18,14,13,11,5,10,17,24,24,21,25,26,23,28
18,11,12,12,12,12,15,9,6,12,12,14,18,19,19,22,20,21,23,25
19,18,15,17,19,17,19,9,18,9,7,16,18,20,25,28,28,31,31,28
20,15,19,18,18,21,20,6,12,12,8,15,21,25,28,27,30,30,37,29
21,15,17,16,18,21,23,9,11,12,17,11,13,25,28,27,26,27,33,33
22,15,17,17,19,18,21,14,16,11,12,6,8,23,26,27,26,30,23,29
23,15,17,13,18,16,22,15,8,6,15,9,18,23,26,28,30,30,27,24
24,19,18,18,20,19,20,10,12,9,14,14,11,28,24,30,33,29,29,30
25,17,19,24,23,19,24,9,14,18,6,15,12,24,22,33,27,35,31,31
26,15,21,16,20,19,24,9,5,21,12,8,11,31,29,31,30,31,36,34
27,15,19,19,16,16,21,9,10,11,14,11,15,24,22,28,21,28,27,26
28,14,15,15,18,18,18,15,17,3,8,8,19,25,22,26,24,28,27,30
29,15,15,14,18,18,16,12,17,10,10,9,9,22,19,24,23,26,30,28
30,16,15,17,18,17,17,14,12,14,6,11,12,23,23,27,24,22,29,29
31,14,16,17,18,17,19,9,11,11,9,10,11,19,22,26,24,23,27,25
32,14,15,16,16,17,15,15,6,6,8,13,14,22,21,23,25,30,27,28
33,16,18,18,18,13,19,11,5,6,12,16,14,27,26,28,27,32,32,34
34,18,15,18,21,23,18,12,12,16,6,13,12,24,24,27,32,31,35,29
35,13,16,14,17,18,19,6,15,9,7,15,13,19,20,23,23,25,24,26
36,14,17,18,18,21,16,15,9,4,12,16,16,22,25,28,26,32,25,33
37,17,14,18,17,15,21,6,8,7,15,14,20,25,26,29,27,30,25,31
38,18,15,18,20,14,18,6,9,11,17,20,7,25,29,22,25,26,28,30
39,17,16,18,17,16,22,13,8,15,9,16,11,25,28,28,31,30,27,32
40,17,16,19,22,23,23,8,20,7,14,14,18,28,26,28,29,29,33,24
41,13,18,19,18,22,22,15,9,5,11,12,15,26,29,26,27,27,32,35
42,15,13,19,16,19,17,10,11,3,11,11,17,25,24,28,27,30,31,34
43,17,17,17,19,17,19,12,15,11,12,7,11,21,23,26,28,27,30,33
44,15,19,16,16,19,23,11,5,14,7,9,15,23,30,27,24,26,29,32
45,13,16,18,18,18,20,10,10,9,15,8,10,26,23,22,30,31,27,29
46,15,17,19,17,21,20,13,11,13,12,17,10,24,25,25,30,31,34,35
47,17,17,18,18,21,20,7,14,6,16,14,14,26,22,29,32,25,20,29
48,14,17,17,19,19,18,10,6,9,17,14,8,20,25,21,29,27,32,31
49,15,16,11,21,17,22,10,12,8,10,12,15,26,28,25,30,33,27,35
50,15,17,15,17,18,15,13,13,6,10,15,13,21,24,24,28,28,26,30
51,15,17,17,19,22,21,10,13,13,10,11,17,26,29,27,27,31,35,31
52,17,20,14,15,20,20,5,14,6,16,15,7,24,20,27,31,28,28,28
53,16,14,13,17,21,18,9,12,10,14,5,14,25,23,26,28,28,27,27
54,13,11,13,14,15,19,9,6,11,15,10,10,20,24,22,27,26,25,29
55,16,14,14,14,20,18,9,14,11,12,11,13,24,21,23,26,21,28,30
56,15,17,14,17,19,18,13,13,7,6,16,10,22,28,30,27,27,25,29
57,15,18,16,18,17,18,15,9,8,7,17,18,22,18,29,26,28,21,27
58,15,19,17,21,16,22,6,16,13,8,13,11,25,20,28,29,25,30,31
59,15,15,16,16,14,16,12,7,13,7,8,13,21,26,24,31,29,31,34
60,17,19,19,19,21,19,8,12,14,10,7,16,27,22,33,28,27,31,33
61,18,18,18,19,23,21,19,9,6,12,14,15,21,26,27,26,30,28,33
62,15,15,18,19,16,19,12,7,14,13,7,18,22,23,24,24,26,24,26
63,13,16,16,12,18,17,9,15,12,10,15,8,22,18,27,19,25,27,27
64,14,13,18,14,16,21,10,11,18,10,8,4,25,26,29,23,32,31,32
65,12,19,15,14,20,16,6,12,19,17,10,10,23,27,25,22,25,28,31
66,17,17,17,18,18,19,14,10,12,12,12,12,19,23,26,26,26,28,32
67,12,14,17,20,18,20,7,13,12,17,12,10,26,29,20,24,31,27,31
68,16,19,18,19,23,22,7,16,8,18,5,19,27,30,28,28,33,34,37
69,13,14,13,18,19,19,5,11,14,9,8,15,25,28,30,27,27,27,34
70,14,14,14,16,16,16,4,10,10,18,10,15,23,25,26,25,26,29,30
71,15,15,14,16,17,15,13,9,14,8,12,13,22,21,21,25,24,24,28
72,17,15,20,19,19,18,11,10,17,18,7,15,23,30,29,29,33,28,33
73,20,16,22,20,22,24,17,18,5,7,13,13,26,25,31,29,33,32,38
74,15,15,19,18,17,21,4,11,12,17,8,15,27,24,27,25,26,32,28
75,14,13,14,18,18,23,5,7,5,14,14,16,20,26,25,24,25,30,29
76,15,13,18,20,17,22,10,13,15,7,8,11,27,24,28,27,34,26,37
77,17,18,18,18,20,19,15,10,12,5,10,10,26,26,28,29,28,33,31
78,13,17,17,16,17,23,11,6,10,14,11,14,22,30,24,30,31,31,29
79,14,12,19,17,16,20,11,13,13,10,12,10,26,29,24,31,31,30,31
80,15,16,20,17,17,21,14,13,15,7,7,9,21,29,27,23,30,32,28
81,17,19,15,18,17,13,10,10,7,14,10,11,24,27,26,24,30,33,28
82,16,16,17,17,14,21,12,9,7,10,15,15,25,20,26,27,29,30,30
83,17,15,18,13,22,23,13,11,10,14,17,9,25,24,27,29,22,22,30
84,15,13,15,16,17,15,12,11,17,14,15,8,21,23,25,28,25,24,30
85,14,17,16,18,17,14,13,10,7,8,12,15,20,27,25,28,26,26,31
86,17,16,19,18,18,21,18,14,8,9,10,21,26,23,26,33,29,25,31
87,15,14,13,18,14,19,10,13,8,13,19,12,18,20,21,25,26,28,23
88,13,14,15,17,20,15,5,15,11,11,9,18,22,21,27,28,27,24,31
89,13,13,16,14,17,17,11,8,9,16,9,7,21,24,22,26,23,25,26
90,14,17,18,15,19,18,16,10,6,9,13,16,26,27,25,29,23,25,32
91,16,14,17,15,19,17,8,13,12,7,19,14,22,24,28,25,30,26,27
92,15,16,19,21,24,18,9,12,15,12,10,14,29,26,31,27,27,25,29
93,14,16,16,19,21,19,12,13,15,9,13,10,24,27,30,31,32,30,34
94,16,17,16,17,20,19,14,3,15,9,15,8,27,25,27,32,28,29,30
95,14,15,15,19,17,19,5,14,3,16,13,8,22,24,26,22,29,24,32
96,14,16,13,17,14,16,12,6,12,14,9,10,18,21,23,24,28,29,26
97,16,17,17,19,20,16,11,6,11,12,19,11,26,28,26,31,23,27,26
98,16,16,12,19,18,20,11,10,9,12,14,10,25,22,27,22,28,28,30
99,16,18,17,17,15,20,13,11,13,6,15,16,18,30,28,28,28,32,35
