run,title_contenders_round_34,title_contenders_round_35,title_contenders_round_36,title_contenders_round_37,title_contenders_round_38,champions_league_contenders_round_34,champions_league_contenders_round_35,champions_league_contenders_round_36,champions_league_contenders_round_37,champions_league_contenders_round_38,relegation_contenders_round_34,relegation_contenders_round_35,relegation_contenders_round_36,relegation_contenders_round_37,relegation_contenders_round_38,no_stakes_round34,no_stakes_round35,no_stakes_round36,no_stakes_round37,no_stakes_round38,title_matches_round_34,title_matches_round_35,title_matches_round_36,title_matches_round_37,title_matches_round_38,champions_league_matches_round_34,champions_league_matches_round_35,champions_league_matches_round_36,champions_league_matches_round_37,champions_league_matches_round_38,relegation_matches_round_34,relegation_matches_round_35,relegation_matches_round_36,relegation_matches_round_37,relegation_matches_round_38,title_vs_relegation_matches_round_34,title_vs_relegation_matches_round_35,title_vs_relegation_matches_round_36,title_vs_relegation_matches_round_37,title_vs_relegation_matches_round_38,champions_league_vs_relegation_matches_round_34,champions_league_vs_relegation_matches_round_35,champions_league_vs_relegation_matches_round_36,champions_league_vs_relegation_matches_round_37,champions_league_vs_relegation_matches_round_38,irrelevant_matches_round_34,irrelevant_matches_round_35,irrelevant_matches_round_36,irrelevant_matches_round_37,irrelevant_matches_round_38,partially_relevant_matches_round_34,partially_relevant_matches_round_35,partially_relevant_matches_round_36,partially_relevant_matches_round_37,partially_relevant_matches_round_38,highly_relevant_matches_round_34,highly_relevant_matches_round_35,highly_relevant_matches_round_36,highly_relevant_matches_round_37,highly_relevant_matches_round_38
0,3,0,0,0,0,7,7,7,4,3,9,6,4,4,3,3,7,9,12,14,0,0,0,0,0,0,0,0,0,0,3,1,0,0,0,0,0,0,0,0,0,0,0,0,0,0,0,3,4,4,3,7,3,4,6,7,3,4,2,0
1,2,2,2,2,2,9,4,3,3,2,13,10,6,6,4,1,4,9,9,12,0,0,0,0,0,1,0,0,0,0,4,2,0,0,0,0,0,0,0,0,0,0,0,0,0,0,0,2,2,3,1,4,5,5,6,9,6,3,3,1
2,2,2,2,2,2,6,3,2,0,0,7,6,3,2,2,5,9,13,16,16,0,0,0,0,0,0,0,0,0,0,0,1,0,0,0,0,0,0,0,0,0,0,0,0,0,1,2,5,6,6,3,5,3,4,4,6,3,2,0,0
3,2,0,0,0,0,6,6,5,5,0,6,5,3,2,2,6,9,12,13,18,0,0,0,0,0,0,0,0,1,0,0,0,0,0,0,0,0,0,0,0,0,0,0,0,0,1,0,4,4,8,4,9,4,5,2,5,1,2,1,0
4,2,2,2,2,2,4,4,4,4,0,9,5,4,4,3,5,9,10,10,15,0,0,0,0,0,0,0,0,0,0,1,0,0,0,0,0,0,0,0,0,0,0,0,0,0,2,1,4,3,6,1,7,2,4,3,7,2,4,3,1
5,4,3,3,3,3,0,0,0,0,0,7,7,6,2,0,9,10,11,15,17,0,0,0,0,0,0,0,0,0,0,0,0,0,0,0,0,0,0,0,0,0,0,0,0,0,1,2,3,5,7,7,6,5,5,3,2,2,2,0,0
6,2,2,2,2,0,7,7,7,7,4,7,7,3,0,0,4,4,8,11,16,0,0,0,0,0,0,1,0,1,0,1,0,1,0,0,0,0,0,0,0,0,0,0,0,0,1,1,1,2,6,2,2,6,7,4,7,7,3,1,0
7,2,2,2,0,0,7,5,4,0,0,6,6,4,4,2,5,7,10,16,18,0,0,0,0,0,1,0,0,0,0,0,0,0,0,0,0,0,0,0,0,0,0,0,0,0,1,1,3,6,8,3,5,4,4,2,6,4,3,0,0
8,2,2,0,0,0,7,6,5,3,2,9,7,5,5,4,2,5,10,12,14,0,0,0,0,0,2,1,0,0,0,1,1,1,1,0,0,0,0,0,0,0,0,0,0,0,0,0,2,4,6,2,5,6,4,2,8,5,2,2,2
9,2,2,2,0,0,7,6,5,3,3,3,0,0,0,0,8,12,13,17,17,0,0,0,0,0,0,0,1,0,0,0,0,0,0,0,0,0,0,0,0,0,0,0,0,0,0,3,5,7,7,8,6,3,3,3,2,1,2,0,0
10,2,2,2,0,0,5,5,4,2,0,12,10,7,3,3,1,3,7,15,17,0,0,0,0,0,0,0,0,0,0,3,1,0,0,0,0,0,0,0,0,0,0,0,0,0,0,0,1,6,7,1,3,5,3,3,9,7,4,1,0
11,2,0,0,0,0,6,4,2,0,0,8,7,5,3,0,5,9,13,17,20,0,0,0,0,0,0,0,0,0,0,1,1,0,0,0,0,0,0,0,0,0,0,0,0,0,2,2,4,7,10,1,5,5,3,0,7,3,1,0,0
12,2,2,0,0,0,8,6,5,4,2,8,5,4,4,2,2,7,11,12,16,0,0,0,0,0,0,2,0,0,0,1,1,0,0,0,0,0,0,0,0,0,0,0,0,0,0,2,2,3,6,2,3,7,6,4,8,5,1,1,0
13,3,3,2,2,2,8,7,5,4,4,5,5,3,0,0,5,5,10,14,14,0,0,0,0,0,0,1,1,0,0,0,0,0,0,0,0,0,0,0,0,0,0,0,0,0,0,0,2,4,6,5,5,6,6,2,5,5,2,0,2
14,4,3,3,2,0,5,2,2,0,0,6,5,3,0,0,7,10,12,18,20,0,0,0,0,0,1,0,0,0,0,0,0,1,0,0,0,0,0,0,0,0,0,0,0,0,1,4,3,8,10,5,2,6,2,0,4,4,1,0,0
15,3,3,0,0,0,5,5,3,2,0,12,9,8,3,2,0,3,9,15,18,0,0,0,0,0,1,1,0,0,0,3,2,0,0,0,0,0,0,0,0,0,0,0,0,0,0,0,1,5,8,0,3,7,5,2,10,7,2,0,0
16,3,2,2,0,0,7,4,3,3,0,7,6,5,5,2,3,8,10,12,18,0,0,0,0,0,1,0,0,0,0,1,0,0,0,0,0,0,0,0,0,0,0,0,0,0,1,1,2,3,8,1,6,6,6,2,8,3,2,1,0
17,2,2,2,0,0,7,6,5,4,2,10,9,4,2,2,1,3,9,14,16,0,0,0,0,0,1,1,0,0,0,3,2,0,0,0,0,0,0,0,0,0,0,0,0,0,0,0,2,4,6,1,3,5,6,4,9,7,3,0,0
18,2,2,0,0,0,12,7,5,2,0,7,4,0,0,0,1,7,15,18,20,0,0,0,0,0,3,2,1,0,0,1,1,0,0,0,0,0,0,0,0,0,0,0,0,0,0,2,6,8,10,1,3,3,2,0,9,5,1,0,0
19,3,3,2,0,0,5,5,2,0,0,5,4,2,2,0,7,8,14,18,20,0,0,0,0,0,0,0,0,0,0,0,0,0,0,0,0,0,0,0,0,0,0,0,0,0,1,2,4,8,10,5,4,6,2,0,4,4,0,0,0
20,3,3,3,2,2,8,5,3,2,0,6,5,4,3,3,4,7,10,13,15,0,0,0,0,0,1,0,0,0,0,0,0,0,0,0,0,0,0,0,0,0,0,0,0,0,0,1,1,5,5,4,5,8,3,5,6,4,1,2,0
21,2,2,2,0,0,5,5,3,3,2,6,6,3,3,2,7,7,12,14,16,0,0,0,0,0,0,0,0,0,0,1,1,0,0,0,0,0,0,0,0,0,0,0,0,0,2,1,3,5,6,3,5,6,4,4,5,4,1,1,0
22,2,2,0,0,0,7,4,2,0,0,7,5,3,2,2,4,9,15,18,18,0,0,0,0,0,0,0,0,0,0,0,0,0,0,0,0,0,0,0,0,0,0,0,0,0,0,0,6,8,8,4,9,3,2,2,6,1,1,0,0
23,3,3,2,2,2,9,7,4,4,4,8,7,4,3,2,0,3,10,11,12,0,0,0,0,0,0,0,0,0,0,0,0,0,0,0,0,0,0,0,0,0,0,0,0,0,0,0,1,3,4,0,3,8,5,4,10,7,1,2,2
24,2,2,2,2,0,6,5,3,0,0,8,5,5,4,3,4,8,10,14,17,0,0,0,0,0,0,0,0,0,0,1,0,1,0,0,0,0,0,0,0,0,0,0,0,0,0,3,4,5,7,4,2,2,4,3,6,5,4,1,0
25,2,2,0,0,0,6,6,3,0,0,8,7,5,4,3,5,6,12,16,17,0,0,0,0,0,0,1,0,0,0,1,1,0,0,0,0,0,0,0,0,0,0,0,0,0,0,1,2,6,7,5,4,8,4,3,5,5,0,0,0
26,3,3,2,2,2,5,4,0,0,0,8,7,6,4,3,5,7,12,14,15,0,0,0,0,0,0,0,0,0,0,0,0,0,0,0,0,0,0,0,0,0,0,0,0,0,1,2,2,4,5,3,3,8,6,5,6,5,0,0,0
27,2,2,0,0,0,7,4,4,3,0,10,10,8,4,2,1,4,8,13,18,0,0,0,0,0,0,0,0,0,0,1,4,0,0,0,0,0,0,0,0,0,0,0,0,0,0,0,2,5,8,1,4,4,3,2,9,6,4,2,0
28,2,2,2,2,0,9,4,3,0,0,5,2,2,0,0,4,12,13,18,20,0,0,0,0,0,1,0,0,0,0,0,0,0,0,0,0,0,0,0,0,0,0,0,0,0,1,4,3,8,10,2,4,7,2,0,7,2,0,0,0
29,3,3,3,2,0,8,5,5,4,0,3,2,0,0,0,6,10,12,14,20,0,0,0,0,0,2,0,0,0,0,0,0,0,0,0,0,0,0,0,0,0,0,0,0,0,1,3,3,4,10,4,4,6,6,0,5,3,1,0,0
30,3,3,2,2,0,10,9,5,4,0,6,3,3,3,3,1,5,10,11,17,0,0,0,0,0,3,2,1,0,0,0,0,0,0,0,0,0,0,0,0,0,0,0,0,0,0,1,2,2,7,1,3,6,7,3,9,6,2,1,0
31,4,4,3,3,3,0,0,0,0,0,7,7,6,4,0,9,9,11,13,17,0,0,0,0,0,0,0,0,0,0,0,1,1,0,0,0,0,0,0,0,0,0,0,0,0,1,2,4,4,7,7,5,3,5,3,2,3,3,1,0
32,3,3,3,3,3,6,4,4,3,2,12,11,9,6,3,0,2,4,8,12,0,0,0,0,0,0,0,0,0,0,3,2,0,0,0,0,0,0,0,0,0,0,0,0,0,0,0,0,2,3,0,2,4,4,6,10,8,6,4,1
33,3,3,2,2,2,10,7,3,3,3,7,7,4,3,0,0,3,11,12,15,0,0,0,0,0,1,1,0,0,0,0,1,0,0,0,0,0,0,0,0,0,0,0,0,0,0,0,4,2,6,0,3,3,8,3,10,7,3,0,1
34,3,3,2,2,0,5,4,3,2,0,8,8,5,4,3,5,6,10,12,17,0,0,0,0,0,0,0,0,0,0,0,0,0,0,0,0,0,0,0,0,0,0,0,0,0,0,0,2,4,7,5,6,6,4,3,5,4,2,2,0
35,2,2,2,2,0,7,3,0,0,0,10,8,7,5,4,1,7,11,13,16,0,0,0,0,0,1,0,0,0,0,2,1,1,0,1,0,0,0,0,0,0,0,0,0,0,0,1,3,4,7,1,5,5,5,2,9,4,2,1,1
36,2,2,0,0,0,6,5,5,5,3,5,3,2,0,0,7,10,13,15,17,0,0,0,0,0,0,0,0,0,0,0,0,0,0,0,0,0,0,0,0,0,0,0,0,0,1,1,5,5,7,5,8,3,5,3,4,1,2,0,0
37,4,3,2,0,0,4,0,0,0,0,9,5,3,3,2,5,12,15,17,18,0,0,0,0,0,0,0,0,0,0,0,0,0,0,0,0,0,0,0,0,0,0,0,0,0,1,3,5,7,8,3,6,5,3,2,6,1,0,0,0
38,3,2,0,0,0,7,5,4,3,2,9,6,4,3,0,2,7,12,14,18,0,0,0,0,0,1,1,0,0,0,2,0,0,0,0,0,0,0,0,0,0,0,0,0,0,0,1,2,6,8,2,5,8,2,2,8,4,0,2,0
39,3,3,0,0,0,8,7,6,5,4,6,5,4,4,4,3,5,10,11,12,0,0,0,0,0,2,1,1,0,0,0,0,0,0,0,0,0,0,0,0,0,0,0,0,0,0,0,1,2,4,3,5,8,7,4,7,5,1,1,2
40,2,2,2,2,2,6,4,3,2,0,6,4,4,4,2,6,10,11,12,16,0,0,0,0,0,0,1,0,0,0,0,0,0,0,0,0,0,0,0,0,0,0,0,0,0,2,2,2,3,6,2,6,7,6,4,6,2,1,1,0
41,4,4,4,3,2,4,0,0,0,0,6,6,5,0,0,8,10,11,17,18,0,0,0,0,0,0,0,0,0,0,0,0,0,0,0,0,0,0,0,0,0,0,0,0,0,2,2,2,7,8,4,6,7,3,2,4,2,1,0,0
42,3,2,2,0,0,3,2,2,0,0,10,8,5,3,2,5,8,11,17,18,0,0,0,0,0,0,0,0,0,0,1,2,0,0,0,0,0,0,0,0,0,0,0,0,0,0,1,3,7,8,5,6,5,3,2,5,3,2,0,0
43,2,2,0,0,0,6,6,5,3,2,6,5,4,0,0,6,7,11,17,18,0,0,0,0,0,0,1,0,0,0,1,0,0,0,0,0,0,0,0,0,0,0,0,0,0,0,0,3,7,8,6,7,5,3,2,4,3,2,0,0
44,4,3,2,2,2,8,5,3,3,3,5,3,0,0,0,6,10,15,15,15,0,0,0,0,0,0,0,1,0,0,0,1,0,0,0,0,0,0,0,0,0,0,0,0,0,1,3,6,5,5,4,4,3,5,5,5,3,1,0,0
45,2,2,2,2,0,9,7,5,2,0,8,6,5,3,2,1,5,8,13,18,0,0,0,0,0,3,0,0,0,0,1,0,0,1,0,0,0,0,0,0,0,0,0,0,0,0,0,3,5,8,1,5,2,3,2,9,5,5,2,0
46,3,3,3,3,0,6,5,2,0,0,6,5,3,0,0,5,7,12,17,20,0,0,0,0,0,1,0,0,0,0,0,0,0,0,0,0,0,0,0,0,0,0,0,0,0,1,0,3,7,10,3,7,6,3,0,6,3,1,0,0
47,2,0,0,0,0,7,6,3,3,3,10,8,6,3,3,1,6,11,14,14,0,0,0,0,0,0,0,0,0,0,1,1,0,0,0,0,0,0,0,0,0,0,0,0,0,0,1,3,5,5,1,4,5,4,4,9,5,2,1,1
48,4,3,3,2,0,2,0,0,0,0,9,9,7,4,3,6,8,10,14,17,0,0,0,0,0,0,0,0,0,0,2,0,1,0,0,0,0,0,0,0,0,0,0,0,0,0,0,2,5,7,6,8,6,4,3,4,2,2,1,0
49,3,2,2,0,0,4,4,4,3,3,8,7,5,2,0,5,7,9,15,17,0,0,0,0,0,0,0,0,0,0,0,0,0,0,0,0,0,0,0,0,0,0,0,0,0,1,0,2,5,7,3,7,5,5,3,6,3,3,0,0
50,3,2,2,2,0,5,3,0,0,0,8,7,4,2,0,5,8,14,16,20,0,0,0,0,0,1,0,0,0,0,1,1,0,0,0,0,0,0,0,0,0,0,0,0,0,0,2,5,6,10,5,4,4,4,0,5,4,1,0,0
51,3,3,2,2,0,7,5,3,2,0,8,8,8,6,0,2,4,7,10,20,0,0,0,0,0,1,0,0,0,0,1,2,1,0,0,0,0,0,0,0,0,0,0,0,0,0,1,1,2,10,2,2,5,6,0,8,7,4,2,0
52,3,3,2,2,0,7,4,3,0,0,9,6,5,4,2,2,7,10,14,18,0,0,0,0,0,1,0,0,0,0,1,0,0,0,0,0,0,0,0,0,0,0,0,0,0,0,2,2,4,8,2,3,6,6,2,8,5,2,0,0
53,0,0,0,0,0,7,6,3,0,0,4,2,0,0,0,9,12,17,20,20,0,0,0,0,0,0,0,0,0,0,0,0,0,0,0,0,0,0,0,0,0,0,0,0,0,1,3,7,10,10,7,6,3,0,0,2,1,0,0,0
54,2,2,2,2,2,5,4,3,3,0,12,9,6,3,2,1,5,9,12,16,0,0,0,0,0,1,0,0,0,0,3,0,1,0,0,0,0,0,0,0,0,0,0,0,0,0,0,1,4,7,1,5,7,4,2,9,5,2,2,1
55,2,2,2,0,0,9,6,4,2,2,8,4,0,0,0,1,8,14,18,18,0,0,0,0,0,2,0,0,0,0,1,0,0,0,0,0,0,0,0,0,0,0,0,0,0,0,2,5,8,8,1,4,4,2,2,9,4,1,0,0
56,0,0,0,0,0,7,5,0,0,0,9,7,5,4,3,4,8,15,16,17,0,0,0,0,0,1,0,0,0,0,0,1,1,0,0,0,0,0,0,0,0,0,0,0,0,0,1,6,6,7,4,6,3,4,3,6,3,1,0,0
57,2,2,0,0,0,6,5,3,2,0,11,10,7,6,3,1,3,10,12,17,0,0,0,0,0,0,1,0,0,0,1,2,0,1,0,0,0,0,0,0,0,0,0,0,0,0,0,2,4,7,1,3,6,4,3,9,7,2,2,0
58,2,2,2,0,0,4,0,0,0,0,5,4,0,0,0,9,14,18,20,20,0,0,0,0,0,0,0,0,0,0,0,0,0,0,0,0,0,0,0,0,0,0,0,0,0,1,4,8,10,10,7,6,2,0,0,2,0,0,0,0
59,2,0,0,0,0,7,3,3,0,0,6,4,4,0,0,5,13,13,20,20,0,0,0,0,0,1,0,0,0,0,0,0,0,0,0,0,0,0,0,0,0,0,0,0,0,0,5,5,10,10,5,3,3,0,0,5,2,2,0,0
60,0,0,0,0,0,7,6,4,0,0,8,7,4,2,2,5,7,12,18,18,0,0,0,0,0,0,0,0,0,0,0,0,0,0,0,0,0,0,0,0,0,0,0,0,0,0,0,3,8,8,5,7,6,2,2,5,3,1,0,0
61,2,2,2,2,0,4,4,3,2,0,9,6,6,4,3,5,8,9,12,17,0,0,0,0,0,0,0,0,0,0,2,1,0,0,0,0,0,0,0,0,0,0,0,0,0,0,1,1,2,7,5,6,7,8,3,5,3,2,0,0
62,2,2,2,2,0,8,7,4,3,3,5,5,4,2,0,5,6,10,13,17,0,0,0,0,0,0,0,0,0,0,0,1,0,0,0,0,0,0,0,0,0,0,0,0,0,0,1,3,5,7,5,4,4,3,3,5,5,3,2,0
63,3,2,2,2,2,7,6,6,3,2,6,2,0,0,0,5,10,12,15,16,0,0,0,0,0,1,2,1,0,0,0,0,0,0,0,0,0,0,0,0,0,0,0,0,0,1,4,3,5,6,3,2,6,5,4,6,4,1,0,0
64,4,4,3,3,2,3,0,0,0,0,6,5,2,0,0,8,11,15,17,18,0,0,0,0,0,0,0,0,0,0,0,0,0,0,0,0,0,0,0,0,0,0,0,0,0,2,2,5,7,8,4,7,5,3,2,4,1,0,0,0
65,3,0,0,0,0,10,6,6,4,2,6,6,4,2,0,2,8,10,14,18,0,0,0,0,0,2,2,1,1,0,1,1,0,0,0,0,0,0,0,0,0,0,0,0,0,0,1,2,6,8,2,6,6,2,2,8,3,2,2,0
66,3,3,2,2,0,4,2,2,2,2,9,7,4,4,0,5,8,12,12,18,0,0,0,0,0,0,0,0,0,0,2,1,0,0,0,0,0,0,0,0,0,0,0,0,0,1,2,4,4,8,3,4,4,4,2,6,4,2,2,0
67,2,0,0,0,0,5,3,3,2,0,9,7,6,5,2,5,10,11,13,18,0,0,0,0,0,0,0,0,0,0,3,2,0,1,0,0,0,0,0,0,0,0,0,0,0,1,3,2,5,8,3,4,7,3,2,6,3,1,2,0
68,4,3,3,3,2,5,4,4,3,2,7,3,2,0,0,7,11,12,14,16,0,0,0,0,0,0,0,0,0,0,1,0,0,0,0,0,0,0,0,0,0,0,0,0,0,1,5,4,4,6,5,1,4,6,4,4,4,2,0,0
69,2,2,2,2,0,10,6,3,2,0,8,5,3,0,0,0,7,12,16,20,0,0,0,0,0,2,1,0,0,0,0,0,0,0,0,0,0,0,0,0,0,0,0,0,0,0,1,3,6,10,0,5,6,4,0,10,4,1,0,0
70,3,2,2,0,0,3,2,2,0,0,9,8,4,4,2,6,8,12,16,18,0,0,0,0,0,0,0,0,0,0,0,1,1,0,0,0,0,0,0,0,0,0,0,0,0,0,1,4,6,8,6,6,4,4,2,4,3,2,0,0
71,0,0,0,0,0,8,7,5,4,0,10,7,5,4,3,2,6,10,12,17,0,0,0,0,0,1,0,0,0,0,2,0,0,0,0,0,0,0,0,0,0,0,0,0,0,0,1,1,4,7,2,4,8,4,3,8,5,1,2,0
72,2,2,2,2,2,6,4,4,0,0,5,4,2,0,0,7,10,12,18,18,0,0,0,0,0,1,0,0,0,0,0,0,0,0,0,0,0,0,0,0,0,0,0,0,0,2,1,3,8,8,3,8,6,2,2,5,1,1,0,0
73,3,2,2,0,0,7,4,3,3,3,7,6,4,3,3,3,8,11,14,14,0,0,0,0,0,1,0,0,0,0,0,1,0,0,0,0,0,0,0,0,0,0,0,0,0,0,1,3,5,6,3,6,5,4,2,7,3,2,1,2
74,3,3,2,0,0,5,2,2,2,0,8,5,4,0,0,5,10,12,18,20,0,0,0,0,0,0,0,0,0,0,1,0,0,0,0,0,0,0,0,0,0,0,0,0,0,1,1,4,8,10,3,8,4,2,0,6,1,2,0,0
75,5,5,4,3,0,6,6,5,2,0,7,5,3,0,0,7,9,11,15,20,0,0,0,0,0,1,0,0,0,0,0,0,0,0,0,0,0,0,0,0,0,0,0,0,0,2,1,4,5,10,3,7,3,5,0,5,2,3,0,0
76,3,2,2,0,0,7,5,3,3,0,11,9,6,3,3,1,4,9,14,17,0,0,0,0,0,0,0,0,0,0,2,1,0,0,0,0,0,0,0,0,0,0,0,0,0,0,0,1,5,7,1,4,7,4,3,9,6,2,1,0
77,4,3,3,0,0,0,0,0,0,0,11,6,5,4,4,5,11,12,16,16,0,0,0,0,0,0,0,0,0,0,2,0,0,0,0,0,0,0,0,0,0,0,0,0,0,0,2,3,6,6,5,7,6,4,4,5,1,1,0,0
78,2,2,2,2,2,9,7,5,4,3,5,4,4,3,0,4,7,9,11,15,0,0,0,0,0,2,0,0,0,0,1,0,0,0,0,0,0,0,0,0,0,0,0,0,0,0,1,2,3,5,4,5,5,5,5,6,4,3,2,0
79,0,0,0,0,0,8,7,5,2,2,6,6,6,5,4,6,7,9,13,14,0,0,0,0,0,2,0,0,0,0,1,0,0,0,0,0,0,0,0,0,0,0,0,0,0,1,2,3,4,4,4,3,3,5,6,5,5,4,1,0
80,3,2,2,2,2,9,6,6,4,2,8,7,7,2,2,1,5,5,12,14,0,0,0,0,0,1,1,0,0,0,0,1,0,0,0,0,0,0,0,0,0,0,0,0,0,0,0,0,4,5,1,5,5,4,4,9,5,5,2,1
81,3,3,3,3,2,9,7,4,2,0,7,7,6,5,4,3,4,7,10,14,0,0,0,0,0,2,1,1,0,0,0,1,0,0,0,0,0,0,0,0,0,0,0,0,0,0,0,1,4,5,3,4,5,2,4,7,6,4,4,1
82,0,0,0,0,0,7,5,3,0,0,11,10,8,6,2,2,5,9,14,18,0,0,0,0,0,0,0,0,0,0,2,2,1,0,0,0,0,0,0,0,0,0,0,0,0,0,1,1,4,8,2,3,7,6,2,8,6,2,0,0
83,2,2,0,0,0,7,5,4,4,2,7,4,3,2,2,4,9,13,14,16,0,0,0,0,0,1,0,1,0,0,1,0,0,0,0,0,0,0,0,0,0,0,0,0,0,0,1,4,4,7,4,7,5,6,2,6,2,1,0,1
84,3,3,2,0,0,6,4,2,0,0,2,0,0,0,0,9,13,16,20,20,0,0,0,0,0,1,0,0,0,0,0,0,0,0,0,0,0,0,0,0,0,0,0,0,0,1,3,6,10,10,7,7,4,0,0,2,0,0,0,0
85,2,2,2,2,0,6,3,3,2,0,8,7,7,5,3,4,8,8,11,17,0,0,0,0,0,0,0,0,0,0,1,0,1,0,0,0,0,0,0,0,0,0,0,0,0,1,0,1,3,7,2,8,6,5,3,7,2,3,2,0
86,3,3,2,2,2,6,4,2,0,0,7,6,6,4,3,5,7,10,14,15,0,0,0,0,0,0,0,0,0,0,1,0,0,0,0,0,0,0,0,0,0,0,0,0,0,0,2,3,4,6,5,3,4,6,3,5,5,3,0,1
87,2,2,0,0,0,8,7,4,2,0,7,6,0,0,0,3,5,16,18,20,0,0,0,0,0,1,0,0,0,0,1,1,0,0,0,0,0,0,0,0,0,0,0,0,0,0,0,6,8,10,3,5,4,2,0,7,5,0,0,0
88,2,2,2,2,2,5,5,3,2,0,8,3,2,0,0,5,10,13,16,18,0,0,0,0,0,0,0,0,0,0,0,0,0,0,0,0,0,0,0,0,0,0,0,0,0,2,2,3,6,8,1,6,7,4,2,7,2,0,0,0
89,3,2,0,0,0,7,4,4,0,0,10,5,5,3,3,2,9,11,17,17,0,0,0,0,0,1,0,0,0,0,3,0,0,0,0,0,0,0,0,0,0,0,0,0,0,0,1,2,7,7,2,7,7,3,3,8,2,1,0,0
90,0,0,0,0,0,7,6,5,5,3,8,7,6,5,2,5,7,9,10,15,0,0,0,0,0,1,0,0,0,0,1,1,0,0,0,0,0,0,0,0,0,0,0,0,0,0,0,1,4,5,5,7,7,2,5,5,3,2,4,0
91,2,2,2,2,0,2,0,0,0,0,10,9,8,5,3,6,9,10,13,17,0,0,0,0,0,0,0,0,0,0,1,2,1,0,0,0,0,0,0,0,0,0,0,0,0,1,1,3,3,7,4,7,4,7,3,5,2,3,0,0
92,2,2,2,2,0,6,5,2,0,0,10,6,4,4,2,2,7,12,14,18,0,0,0,0,0,0,0,0,0,0,0,0,0,0,0,0,0,0,0,0,0,0,0,0,0,0,1,3,4,8,2,5,6,6,2,8,4,1,0,0
93,2,2,2,2,0,8,6,2,2,0,6,5,3,2,2,4,7,13,14,18,0,0,0,0,0,1,0,0,0,0,0,0,0,0,0,0,0,0,0,0,0,0,0,0,0,1,0,5,5,8,2,7,3,4,2,7,3,2,1,0
94,4,3,2,0,0,0,0,0,0,0,7,4,4,3,2,9,13,14,17,18,0,0,0,0,0,0,0,0,0,0,1,0,0,0,0,0,0,0,0,0,0,0,0,0,0,2,5,4,7,8,5,3,6,3,2,3,2,0,0,0
95,4,4,3,0,0,3,0,0,0,0,10,7,5,4,3,4,9,12,16,17,0,0,0,0,0,0,0,0,0,0,1,1,0,0,0,0,0,0,0,0,0,0,0,0,0,0,2,3,6,7,4,5,6,4,3,6,3,1,0,0
96,0,0,0,0,0,8,7,6,3,2,6,5,5,4,2,6,8,9,13,16,0,0,0,0,0,2,1,0,0,0,1,0,0,0,0,0,0,0,0,0,0,0,0,0,0,1,2,4,5,7,4,4,1,3,2,5,4,5,2,1
97,3,2,2,2,0,4,4,2,0,0,11,7,6,4,4,2,7,10,14,16,0,0,0,0,0,0,0,0,0,0,3,0,0,0,1,0,0,0,0,0,0,0,0,0,0,0,2,2,4,7,2,3,6,6,2,8,5,2,0,1
98,0,0,0,0,0,9,8,5,2,0,6,6,6,5,3,5,6,9,13,17,0,0,0,0,0,1,1,1,0,0,0,1,0,0,0,0,0,0,0,0,0,0,0,0,0,1,1,3,3,7,3,4,3,7,3,6,5,4,0,0
99,2,2,2,2,0,9,7,5,0,0,8,5,3,3,3,1,6,10,15,17,0,0,0,0,0,2,0,0,0,0,1,0,0,0,0,0,0,0,0,0,0,0,0,0,0,0,0,2,5,7,1,6,6,5,3,9,4,2,0,0
